13	21150134	21154649
8	21785415	21788580
13	344011	345468
10	20202639	20205313
10	20205687	20209104
11	16938883	16947977
13	828107	834858
13	585500	586929
13	713256	720575
13	540357	541738
13	508954	510657
8	957844	966579
12	1853402	1853896
8	14530558	14535928
8	22307206	22307740
12	1832301	1832839
11	3061338	3069864
8	21860531	21861993
8	21587940	21602815
10	17912012	17914134
10	11713562	11720972
9	915250	916446
8	21966895	21971917
11	23292034	23308287
10	12739229	12743947
8	21878485	21879004
10	20976717	20981443
9	286454	287918
12	1164700	1170079
11	23348177	23351854
13	8316890	8322262
10	13560515	13565210
8	22039857	22040351
11	23272568	23276677
11	23482995	23483505
12	5614174	5621667
8	21406870	21423969
10	21730008	21737572
11	22958882	22959365
13	24618648	24623662
11	4451977	4456704
11	23112058	23115548
13	1085096	1086824
8	6324076	6329245
12	1607259	1607796
12	689206	690049
12	783636	788918
12	9024402	9029127
13	26505296	26512707
9	1004731	1005253
12	20976466	20977150
12	10776769	10785318
9	97180	102547
8	3621083	3624186
13	26900006	26907548
10	18408082	18412800
11	22736671	22744830
12	686228	686712
12	3495977	3501109
8	10161391	10170482
8	7925528	7929762
11	23365306	23372805
13	415183	415673
10	16512018	16519074
12	3749821	3754849
12	2234454	2239101
8	16234756	16243854
12	2141998	2143673
10	22218277	22227311
12	16627007	16631706
11	402740	409735
12	3322453	3326688
8	20799997	20800789
11	21742484	21747570
12	20241007	20249310
12	13999243	14003047
8	22370640	22371211
12	2352601	2354454
13	4732111	4739522
10	21020333	21023947
12	13373483	13378176
12	1264972	1281964
13	16680268	16684987
8	21512270	21519806
8	21033635	21035173
10	8723170	8731490
13	3533542	3539357
12	1311827	1312354
10	4601759	4609142
12	556185	557827
12	645771	647045
8	22145869	22146580
13	3920185	3925432
11	2927894	2936114
10	15586465	15593459
8	13924839	13929367
12	2467333	2472361
10	22300300	22304444
13	26221995	26230202
13	13445	15095
12	14249643	14258754
8	22099389	22103618
10	19703592	19712669
10	21797392	21797865
12	1100575	1101151
8	706355	711928
8	22326610	22327884
8	6917689	6925021
10	21981738	21990843
8	22196306	22196924
8	8842847	8850298
8	16386734	16392253
8	21817781	21825711
10	20407865	20412893
11	23549391	23557661
12	2326758	2334592
8	21022459	21023997
8	21789381	21790234
10	14803935	14809079
10	2112168	2119774
10	10592897	10600501
10	22376851	22381553
8	22340722	22345145
12	776602	783191
12	743321	756781
13	27156213	27161356
11	23752959	23757680
8	22128144	22129310
13	25707797	25716895
12	21029229	21036865
11	17854929	17856585
8	56710	64471
12	7235093	7236317
11	21299303	21308403
11	23630725	23637545
8	20707808	20715352
8	4178548	4183692
12	697475	701792
12	10903017	10910383
8	22398199	22405374
8	22083373	22090778
12	14745796	14747524
8	11637655	11644743
12	933574	949089
13	11560979	11565674
8	21918567	21919311
12	12427198	12432348
10	18633668	18638390
10	21265367	21266547
11	9526908	9534410
8	11078339	11083357
13	10928275	10935472
11	23363048	23364776
12	2357245	2367745
12	2876633	2878265
8	21036015	21036909
10	11315294	11317659
8	21808564	21815190
10	21383558	21384120
11	23150297	23157683
10	19345072	19357215
11	21008069	21016493
9	476415	479820
10	21911811	21913270
11	6880673	6888106
8	11429129	11435541
12	1033299	1035477
8	21024869	21025763
9	1111431	1111908
8	800789	802522
11	22713119	22713607
10	22115681	22117150
10	21689319	21689848
11	23713450	23713973
12	8595076	8603383
9	403648	404216
10	20153109	20155231
9	931025	934106
10	21561306	21563036
12	604470	606056
13	10988331	10993025
12	459225	463581
8	2738988	2746340
12	21140048	21140668
8	21918443	21919378
8	212559	217587
9	1059336	1060436
8	22283875	22285379
8	10419159	10426154
8	19251078	19252456
8	21529161	21538924
8	16116866	16125157
8	21292389	21292890
10	19652628	19674003
11	1506054	1513593
8	12824666	12831722
8	21042540	21045817
12	657014	662235
10	22154099	22156468
9	303404	310155
8	21604256	21610760
10	12067385	12074379
13	27238867	27244008
8	8822744	8823882
11	23329820	23330458
12	6835588	6843081
12	586932	587520
9	1277867	1278334
12	1105258	1110402
10	4918233	4923234
11	20106813	20116011
9	1196012	1199908
10	17819978	17825122
13	6167388	6174304
8	6065671	6073046
13	3555243	3563123
8	14928180	14935649
10	21673477	21675112
13	6022729	6028658
13	8316277	8322927
11	2447560	2456657
11	23396227	23418949
11	23289149	23291030
13	18065269	18074270
8	18851158	18859762
11	23497119	23524794
11	22570777	22575495
10	22201105	22207089
8	189937	197508
11	23596460	23600813
10	8594520	8601516
11	9070082	9077584
12	15603415	15610826
11	17864351	17867118
11	23192135	23193937
13	11444508	11451924
11	21365876	21372325
10	20168666	20170251
10	2933354	2935475
12	2274274	2278965
8	22213901	22218594
8	22190519	22191084
12	2835959	2836477
11	23725985	23728857
8	3387180	3396280
9	868302	869700
13	1572793	1578925
12	2199985	2204683
11	19764446	19769173
8	20545195	20545741
10	22280499	22292574
8	21908264	21908792
11	23283683	23288410
13	21934602	21943128
11	22092831	22098958
12	1003546	1004104
10	19668468	19673190
12	3756749	3761467
12	3281653	3282635
8	721690	729423
9	227118	230572
13	10006589	10011278
8	1251868	1261971
12	818278	819469
12	986501	994342
12	2214522	2227339
8	21376949	21377582
13	26201316	26208883
12	1292222	1296504
8	22239874	22240388
13	5671292	5676320
10	6876832	6882964
11	15922352	15931440
10	21241621	21242151
13	561866	562335
11	22773209	22773738
11	23172315	23173742
11	23411428	23415022
8	17089292	17094320
8	21394204	21427124
10	2100430	2109522
8	21503688	21507049
13	23688731	23693978
8	21560270	21575665
8	12873	18878
12	709207	709602
9	1100075	1100815
8	9572187	9572672
10	21856856	21857333
12	6546757	6554159
13	408019	408767
13	1377479	1378093
11	22931500	22932022
13	768698	770440
10	6991487	6998548
12	751048	756402
10	11540638	11547982
8	9692611	9699605
11	17510135	17517635
10	12933905	12941314
8	19604159	19605889
10	21597085	21604770
11	16609665	16614935
12	767936	768702
11	15548074	15549805
10	17273263	17277961
9	860624	862351
13	27823769	27831181
10	996780	1005816
8	4990361	4997870
10	22315673	22318155
8	21794677	21795530
8	21180550	21181011
10	20891618	20896634
13	7666843	7671964
12	1415547	1416137
12	540790	541885
10	21330202	21330721
11	14461600	14466747
11	858054	866478
12	3703232	3709643
8	21028958	21029694
9	702138	704498
8	21543429	21549799
13	1164177	1169203
12	1509626	1515099
13	2907281	2907770
9	1253074	1254144
9	452471	455366
11	23015650	23016314
8	13895066	13901192
8	927440	935015
12	8205404	8206954
8	19030640	19037501
9	843337	843803
13	10867205	10870905
12	9615692	9623293
10	47514	52519
9	471323	471783
12	17697085	17705266
10	22067382	22068130
10	1679032	1686439
11	23015558	23016439
10	116518	116976
12	1471067	1484585
11	17792964	17794695
12	484588	485131
10	22395373	22406749
12	1681462	1682444
9	581512	583545
9	1105802	1106376
10	16141218	16146366
12	768758	773487
8	22022378	22028588
9	1177584	1182141
11	11557936	11565503
11	19854975	19856707
8	14712853	14717998
8	16435515	16436010
12	20615462	20622912
8	5821182	5826328
10	21705310	21706714
13	24905161	24906470
9	1065989	1067390
8	3358295	3359640
9	824323	825942
12	7185178	7189441
8	1824625	1832139
8	21888074	21888566
10	21877609	21878097
11	23817949	23825333
11	22548925	22556337
12	2184174	2194174
10	22229059	22238529
11	23191968	23194034
12	21036866	21046860
9	1211419	1211909
11	23610867	23612059
11	23489834	23496567
9	536313	536813
10	22218310	22224478
13	22336279	22345281
10	22132151	22132702
12	3123380	3128393
12	3097401	3105090
11	21145019	21150045
10	22200858	22209490
8	20653793	20654308
12	1275170	1281786
12	2271661	2280389
12	2211566	2228027
9	4364	13761
13	9847424	9849185
8	14198170	14204323
10	4661880	4669406
12	2199690	2206648
11	23324603	23327262
11	23362937	23364666
10	21441096	21450230
13	84350	91704
12	13339049	13339526
12	627406	630787
11	7909983	7919096
11	21236900	21244405
8	1848974	1856856
12	18846358	18851386
9	256080	256554
11	23090950	23092511
8	20875484	20875961
10	20172568	20174151
13	31848	37365
12	1014255	1015423
11	6849078	6853802
13	27713523	27722928
11	22688462	22689752
12	1183773	1184906
13	14157561	14158996
13	19661181	19670273
8	18250693	18251155
9	518848	519905
12	2149501	2153954
11	38373	38850
13	18276323	18278900
9	601549	602873
11	8784431	8789782
11	14305198	14309926
12	2382090	2386796
12	13706421	13715342
10	976935	984512
8	13999111	14008203
11	19813441	19820946
9	1259953	1264539
8	6286959	6291655
13	22041552	22047432
13	4427544	4436638
13	16092293	16098706
12	529506	536880
12	588821	589344
13	2335803	2340819
10	22329289	22334333
11	20327933	20334783
11	11080212	11081945
8	21582370	21586804
13	19155	19805
12	1187901	1188515
12	554105	555537
8	21087068	21087528
8	4884132	4891287
12	2148774	2156739
9	941997	942496
8	3112594	3121684
13	4724499	4729146
11	21478302	21481905
11	23076675	23077856
8	21839516	21843745
11	20100798	20101316
10	22228795	22238986
9	1082128	1082615
9	989404	990839
12	2050728	2052101
11	23751963	23758237
10	19737411	19740819
12	14245969	14260095
10	1220184	1227592
12	529213	537544
12	2181670	2208433
11	23508434	23522136
11	19841657	19850786
10	22004569	22005447
13	1191091	1192712
12	2348423	2350135
11	8474928	8484028
10	10138214	10143384
10	20213659	20218301
13	12582097	12588229
12	2376354	2378391
13	15982468	15991579
11	18521783	18530885
10	17144385	17151999
9	469882	470396
9	75410	76020
12	5239785	5248875
13	893758	899217
11	23428750	23429222
10	22415856	22420241
11	21358993	21364364
13	15018758	15022997
8	12062226	12067595
8	20447075	20447555
10	22070464	22071092
13	23894280	23899650
11	20160	20765
8	54383	55279
13	5130306	5137535
13	14962847	14964586
10	22002859	22003388
10	21302038	21302595
11	23264861	23269916
8	4051980	4058957
12	16256072	16265176
8	22003824	22004348
13	21551606	21560707
11	23204310	23205747
13	2000950	2008169
12	17625838	17634939
12	1049735	1057384
13	26143103	26150636
11	23464131	23470443
12	6897375	6906490
10	1801273	1806792
11	23400567	23405693
10	22300176	22304637
11	12912436	12917606
11	5451216	5459759
10	21769317	21769912
9	200891	201552
12	847887	856809
12	1081475	1082117
13	23551348	23556718
11	4901183	4907314
11	5045511	5050232
13	10062712	10070152
12	1172193	1178864
8	19815606	19819646
8	21543517	21547761
11	23111775	23115771
9	612264	616694
8	19331358	19338818
10	3649843	3654987
10	20211780	20213247
11	19461312	19461910
11	12950942	12955365
11	1424822	1430014
8	2969722	2974970
10	3202794	3210165
10	22396360	22402640
9	856770	857254
12	11228251	11236777
9	216542	217044
10	22163258	22163806
8	21924519	21927276
9	1146436	1147029
8	14051681	14057280
11	1219647	1227237
11	23131582	23132691
10	22377032	22381333
12	4665472	4671604
10	9218029	9222748
11	20205760	20211279
12	1385346	1385944
12	527790	528401
11	23065381	23072702
12	20064814	20072241
11	17856943	17861657
11	3601354	3606606
11	18765564	18774186
12	21138288	21140039
12	1819160	1819618
11	11492212	11501312
12	2496555	2497124
12	8707006	8712015
12	1044247	1049734
8	22116323	22116820
12	2839724	2847248
13	22202102	22211203
10	21729139	21729915
12	663006	667772
12	583472	584017
8	20873479	20873959
11	23550559	23552116
8	22298132	22300449
8	22251117	22251643
9	201553	204449
11	11257619	11264513
8	13895151	13901115
8	21896270	21896835
12	1611440	1612302
8	1631199	1640305
13	6629950	6637424
12	936722	944187
11	8226715	8231892
8	20397989	20398464
11	22805370	22812738
9	1110293	1110908
11	2751511	2755714
13	15935315	15940462
9	274456	274933
12	20535167	20542666
9	668152	668907
8	11527505	11534517
12	459351	463275
11	23397954	23411123
13	993300	994932
8	4722056	4729369
12	2551739	2553473
8	5621471	5626191
8	19589353	19590976
11	3040378	3042111
8	22037425	22038219
8	57196	64391
8	1522062	1529472
12	2358324	2363800
11	20494658	20495254
11	14818281	14825950
11	23709924	23713446
10	3251549	3259058
9	34275	40712
13	23682537	23683961
13	96512	102924
11	23313711	23314225
8	21580414	21587822
10	11614108	11615544
13	3927537	3930567
10	17973634	17974099
9	164376	168558
11	20320879	20327890
10	21922941	21923470
12	13124069	13129214
12	6064440	6073548
8	11088517	11095880
13	3869566	3874707
10	21911771	21913694
10	22094884	22095346
12	19290187	19295205
11	23781167	23787080
12	652627	656909
12	713672	714206
10	21347605	21355019
12	19801877	19809443
12	6473118	6481644
10	14984451	14991975
10	21691882	21698294
11	22999413	22999947
8	22124186	22126492
12	6907459	6912443
8	322507	328633
10	20176783	20191109
10	21041189	21049393
9	205591	206083
9	18281	23344
8	21051904	21052362
10	21636556	21637152
10	20175810	20191234
10	20272167	20282820
13	1984285	1992811
10	20272782	20277925
10	21346329	21347214
11	19677280	19677785
13	23701477	23708474
11	23613754	23618475
12	2157397	2175098
9	452397	455847
10	22329230	22337869
12	396976	398662
8	22418587	22420250
8	9989251	9995125
10	21706718	21707775
8	22143532	22144128
10	20576274	20583684
12	1239810	1240319
11	2966778	2974144
9	612211	616788
13	3520354	3533541
10	20164282	20165363
10	20025903	20026367
12	1398501	1402287
12	728975	736088
10	347941	355383
10	5827763	5836712
10	20923099	20923608
12	1516749	1520469
10	7977135	7984051
10	13449517	13456895
11	23212952	23217364
13	20032991	20038009
12	5367637	5378109
11	10053267	10060788
11	22610345	22617739
12	396121	398784
13	23168570	23177095
11	17724006	17731278
13	14432309	14436454
13	8745930	8751074
11	21236965	21244404
11	23352414	23359580
8	3309106	3315232
13	8961603	8963722
9	702798	704461
9	975765	976968
11	22925894	22926368
8	7019334	7028434
11	7978523	7980788
11	14517480	14522176
9	469405	469874
8	22257314	22257958
11	23297696	23306195
11	1154185	1163277
12	1789718	1797219
8	19691436	19698691
8	13357733	13363252
10	11215132	11218743
11	22754546	22759914
12	2350577	2356778
12	1165025	1169801
11	22716002	22716782
8	12275959	12279803
10	21208280	21208883
13	15531296	15538706
13	9139880	9144600
11	20814433	20817839
13	3644	4221
8	11162651	11164085
8	21551612	21558368
10	14466054	14467488
9	1196052	1199475
10	20206183	20208940
12	13034810	13039768
13	27863067	27863564
12	936182	948111
11	9569071	9574081
10	770516	772243
8	21953676	21957910
9	399660	400347
12	6509904	6528705
10	21546181	21556050
8	21810777	21815099
10	16153791	16160787
10	15718780	15727570
11	22983017	22989933
11	23198847	23200784
12	1298581	1300234
12	797762	801579
8	6651600	6652120
10	22118877	22120750
9	804783	806092
12	7239375	7240618
12	812468	816768
10	6436014	6445112
11	23543367	23546892
8	21062292	21062833
11	19110198	19117587
11	23453683	23457907
12	691121	692692
10	10156377	10163789
11	23169506	23172223
9	970412	970985
8	21971933	21973307
8	64715	65334
11	19701621	19706341
9	692286	700811
10	9973781	9980842
10	11563692	11568837
12	1388916	1390411
13	234195	238426
13	22384105	22391359
8	22035124	22035582
11	23317717	23318272
8	14830948	14840146
10	8013669	8018814
8	3072554	3080161
13	23999447	24006819
11	16177280	16182008
8	11799900	11800358
10	22048335	22049559
12	415168	419587
8	21841727	21843158
8	14660504	14660979
12	473207	481569
10	20157413	20164268
11	8012855	8017209
8	2964303	2967373
10	13522313	13527561
10	22250953	22252544
13	4228785	4237892
9	809565	817418
8	3647508	3655005
13	3521432	3529149
13	3384298	3388996
13	23346935	23356085
11	23338244	23338878
8	15307142	15311367
12	1196671	1198118
8	31448	32171
12	1984289	1989416
13	6605	7154
12	11006877	11015301
9	1182810	1184239
10	10876598	10883596
11	23589946	23592814
11	8491452	8498861
10	8452476	8461588
12	2194651	2199671
11	9436666	9438397
9	1031614	1032132
11	23197452	23198139
11	20317893	20335444
10	21707900	21708819
11	23105694	23110991
8	18954502	18959219
12	747760	749795
8	22371493	22381102
9	1044364	1045653
9	148613	149450
13	1271738	1278140
11	23563663	23564506
11	14260528	14264895
8	22348683	22358364
12	812149	816820
12	1627673	1628679
10	20215126	20218227
8	18323582	18328835
8	21801624	21805752
10	3073087	3078231
8	22351714	22356172
8	21815918	21816753
11	13518312	13526049
9	986351	987344
11	13568010	13573204
10	18051931	18061019
10	12781858	12789244
10	19147425	19154402
10	22338202	22339622
10	12558375	12565446
13	20752908	20757632
13	4723998	4732104
10	19347541	19354957
8	2026138	2027583
12	14463358	14469487
13	332207	333610
11	9263773	9271469
8	6456906	6465331
13	22966292	22973844
11	23487835	23489359
12	18467972	18474083
13	1502410	1502922
11	23692022	23695300
10	12791663	12795275
12	10972539	10979530
9	1062800	1063340
12	1419949	1423564
10	10946999	10956155
8	1253278	1257999
12	3994550	4001072
12	9989295	9996287
11	23035432	23041881
13	192535	200859
11	23159065	23166451
8	2293926	2302220
12	604408	606485
13	16071057	16074603
12	692709	697370
9	340670	348788
11	7786867	7793861
12	2158179	2167555
10	21306708	21307362
12	15802405	15809759
12	2351363	2356567
8	14613214	14613703
8	22186142	22187191
12	1161682	1163109
12	795352	795971
13	27105153	27111285
13	1841739	1850163
9	649652	651239
8	21839424	21844452
10	20166134	20170350
12	3027483	3028916
10	9000335	9007786
8	4625918	4630935
11	17078160	17087250
12	440101	444819
11	6214070	6223163
12	399571	402207
8	8187336	8190316
12	6313495	6313970
11	17864436	17866186
9	617598	618209
13	8968810	8974329
8	21594991	21602619
11	19621642	19622220
11	16677175	16682337
12	8676855	8685159
10	22311178	22311665
10	16958166	16962888
9	17702	24049
10	22087149	22088443
13	3521872	3529060
11	17862241	17862700
12	2356781	2368761
8	20751152	20751645
11	23194048	23201326
10	22006143	22006769
10	2294097	2299243
11	5034214	5043307
11	13797701	13807238
8	21818924	21824305
11	17868216	17868715
8	10990086	10997130
9	382049	382686
13	340967	342458
12	2143678	2209678
13	132421	132936
11	2108306	2113451
10	2772653	2779175
13	871622	878666
10	22258692	22260733
11	23430702	23438033
10	2565593	2571603
8	21407620	21415034
12	759216	764149
10	20303216	20310626
8	22115115	22115603
13	22833182	22842258
12	413530	421440
11	23659881	23671210
8	14672130	14676850
13	15267283	15276380
12	2200533	2205224
13	17586899	17594233
8	14445732	14453335
8	2717876	2726365
12	1377816	1378317
12	1469711	1484695
13	6891362	6896962
11	21742543	21747264
13	94232	94843
12	413822	421261
13	3175486	3180956
13	13401108	13408516
11	5292307	5299685
8	6339391	6345091
12	1430750	1434776
8	10032303	10039743
8	21533272	21537975
12	1750250	1750711
9	151215	151730
11	23807238	23812944
12	1114163	1124591
10	21620700	21621407
12	3084132	3088841
11	23064053	23064930
11	11716263	11720972
8	51812	52317
11	22908902	22909399
12	1315376	1318957
11	23125481	23126590
10	21557324	21557790
11	23184438	23184920
8	14310404	14315101
10	22370226	22376604
12	10281792	10286512
8	21953175	21958057
11	22796867	22804474
11	16570094	16570793
12	10354854	10363947
8	21497979	21499276
12	1266504	1281786
11	23783341	23786825
12	13063915	13070046
12	592896	593570
12	1069543	1070321
13	13858554	13866170
10	22283451	22290100
10	21408826	21413145
12	9980995	9997087
11	23043000	23046401
12	1267562	1275169
12	1262320	1282454
8	11499723	11500110
11	925231	932599
8	3880951	3888526
11	20469908	20477450
12	494939	495655
10	7343381	7350438
12	3903211	3905171
10	14642626	14651730
10	13405707	13410430
12	975814	976440
10	15446106	15453517
11	23364888	23371482
10	13853140	13862231
12	3149747	3156742
10	21653247	21656493
12	4285773	4290490
13	6783807	6788976
8	21511046	21526566
12	1320954	1321452
12	2310277	2315135
8	22103890	22107582
9	835647	837114
9	1251360	1251893
13	7205013	7214109
9	4886	13244
8	10242887	10250396
12	1126182	1127655
11	23508481	23516321
12	1018050	1018581
12	2372009	2374181
11	6398814	6425219
11	7491916	7496620
8	2504473	2511532
12	1115288	1120362
11	9922823	9931543
12	15844991	15850134
11	16516436	16521559
8	21329782	21335151
13	18706978	18710617
11	110267	119375
10	20928129	20928609
8	22243764	22245336
11	23218909	23219674
8	22333061	22334609
10	8018860	8023579
10	22201408	22206551
12	14478428	14487521
8	21962483	21964212
11	4361048	4361901
8	2202881	2211407
13	11278	12045
9	1020143	1022051
13	21658468	21667591
11	23042349	23042932
13	5663885	5671249
10	21306035	21306553
13	15570024	15575198
11	17851995	17852494
10	19657680	19665283
11	1047496	1055161
12	874903	882518
8	21394786	21424793
10	686974	695955
13	7848660	7850781
10	21644393	21644993
13	6057559	6063078
12	2298595	2302830
8	21560712	21567781
8	11206152	11213440
11	18703914	18711808
13	19384173	19385900
11	18508073	18513190
12	1583855	1584319
10	17687542	17692249
11	23587813	23593853
12	1608410	1608964
9	1023609	1024144
8	604649	605152
13	27517308	27522015
8	21043889	21044950
11	19392052	19396753
13	10020205	10029296
13	5104562	5109738
10	20005927	20010945
12	1917755	1918356
11	18040863	18049861
8	445510	453014
10	18159138	18159715
12	5038862	5045274
8	20828072	20833442
11	23574000	23576168
12	1673442	1674041
12	1130824	1135826
12	1756836	1761854
11	23202525	23203031
12	2338425	2343463
13	579021	583257
12	1404447	1406221
13	19676835	19684448
8	7739814	7741246
10	21560793	21570223
10	12731125	12735818
12	14375381	14382793
13	16967451	16975876
12	1326171	1326721
13	17434786	17437357
13	13334998	13342488
12	20034646	20042166
12	1072497	1072961
13	431217	432217
13	323626	327294
13	24589665	24597050
12	1397946	1398500
10	22369376	22370022
13	11426941	11434405
10	21551187	21552919
10	21587841	21588769
